  No    Ref    V       B-V     U-B
 0001   154  16.130   0.870   0.320
 0002   154  15.730   0.630   0.180
 0003   154  15.040   0.840   0.300
 0004   154  13.540   0.770   0.290
 0005   154  16.860   0.970   0.510
 0006   154  16.550   0.810   0.210
 0007   154  17.230   0.960   0.560
 0008   154  15.680   0.900   0.410
 0009   154  14.330   0.620   0.160
 0010   154  15.320   1.290   0.870
 0011   154  15.770   0.870   0.350
 0012   154  13.760   0.590   0.260
 0013   154  14.090   1.160   0.760
 0014   154  16.050   1.000   0.520
 0078   154  16.140   1.060   0.550
 0015   154  17.040   1.480         
 0016   154  16.940   0.860   0.330
 0017   154  15.400   1.050   0.720
 0018   154  17.260   0.740   0.180
 0019   154  15.940   0.950   0.510
 0020   154  16.790   1.370         
 0021   154  16.960   0.850   0.270
 0022   154  16.200   0.780   0.280
 0023   154  15.460   0.770   0.210
 0024   154  16.820   1.500   0.850
 0090   154  19.150   1.150   0.630
 0025   154  16.250   1.190   0.760
 0026   154  17.070   0.840   0.250
 0027   154  16.010   1.100   0.960
 0028   154  17.130   0.840   0.360
 0029   154  17.030   0.990   0.640
 0030   154  15.980   0.910   0.350
 0031   154  15.280   1.340   1.290
 0032   154  14.390   0.260   0.120
 0033   154  13.720   1.450   1.790
 0034   154  15.360   1.130   1.060
 0035   154  15.820   1.000   0.680
 0036   154  14.720   0.800   0.350
 0037   154  15.930   1.470   1.500
 0038   154  15.400   0.670   0.180
 0039   154  17.210   1.130   1.050
 0040   154  16.840   0.750   0.380
 0041   154  15.840   0.670   0.150
 0042   154  16.700   0.700   0.090
 0043   154  17.100   0.850   0.380
 0044   154  16.700   1.320   1.050
 0045   154  15.630   0.720   0.150
 0046   154  14.710   0.470   0.270
 0047   154  15.460   0.590   0.340
 0048   154  17.340   0.970   0.630
 0049   154  13.950   0.910   0.640
 0050   154  16.520   1.070   0.490
 0051   154  14.890   1.130   0.790
 0052   154  13.020   1.170   1.010
 0053   154  17.090   0.760   0.150
 0054   154  13.730   0.190   0.200
 0055   154  14.330   0.680   0.170
 0056   154  14.390   0.240   0.090
 0057   154  14.950   1.230   0.890
 0058   154  16.970   0.870   0.290
 0059   154  15.490   0.930   0.360
 0060   154  15.170   0.700   0.410
 0061   154  16.610   0.730   0.120
 0062   154  16.620   0.770   0.230
 0063   154  16.930   1.120   0.870
 0064   154  16.900   0.700   0.100
 0065   154  10.780   0.090  -0.660
 0066   154  15.590   1.590   1.680
 0067   154  16.390   0.770   0.120
 0068   154  13.990   0.200  -0.170
 0069   154  15.710   1.280   1.130
 0070   154  14.650   0.890   0.500
 0071   154  15.030   0.350   0.250
 0072   154  17.210   0.830   0.250
 0073   154  15.860   1.180   0.690
 0074   154  15.790   0.730   0.140
 0075   154  17.060   0.770   0.230
 0076   154  15.410   1.240   0.810
 0077   154  17.280   0.810   0.250
 0079   154  16.550   1.230   0.770
 0080   154  15.700   0.960   0.520
 0081   154  17.090   1.210         
 0082   154  14.380   0.700   0.150
 0083   154  14.380   0.670   0.210
 0084   154  16.740   1.120   0.780
 0085   154  17.060   0.730   0.180
 0086   154  17.190   1.110   0.560
 0087   154  14.390   0.580   0.170
 0088   154  13.480   0.180  -0.240
 0089   154  13.830   0.440  -0.030
 0091   154  17.230   0.810   0.040
 0092   154  10.420   0.060  -0.710
 0093   154  12.420   0.150  -0.450
 0094   154  15.130   0.770   0.230
 0095   154  12.610   0.200  -0.220
 0096   154  16.010   0.650   0.150
 0097   154  17.260   0.870   0.280
 0098   154  14.910   1.240   0.820
 0099   154  13.580   1.420   1.520
 0100   154  16.160   0.930   0.440
 0101   154  15.610   0.880   0.380
 0102   154  16.660   0.880   0.290
 0103   154  14.960   0.340   0.180
 0104   154  15.250   0.760   0.240
 0105   154  15.020   0.370   0.200
 0106   154  15.670   0.770   0.230
 0107   154  15.830   1.270   0.910
 0108   154  16.080   0.750   0.060
 0109   154  16.150   0.900   0.110
 0110   154  16.620   1.300   0.890
 0111   154  16.800   1.280   0.860
 0112   154  16.690   0.860   0.270
 0113   154  15.620   1.350   0.970
 0114   154  16.640   0.900   0.340
 0115   154  15.160   1.290   0.950
 0116   154  15.110   0.680   0.170
 0117   154  15.390   0.760   0.220
 0118   154  16.750   1.030   0.490
 0119   154  15.090   0.390   0.260
 0120   154  13.750   0.810   0.310
 0121   154  17.050   1.210   0.750
 0122   154  16.840   0.910   0.370
 0123   154  14.720   0.790   0.240
 0124   154  15.260   0.700   0.250
 0125   154  16.110   1.180   1.070
 0126   154  16.060   0.730   0.060
 0127   154  15.320   1.060   0.800
 0128   154  17.110   0.920   0.310
 0129   154  15.810   0.960   0.670
 0130   154  15.970   0.690   0.130
 0131   154  16.060   0.850   0.300
 0132   154  13.880   0.660   0.110
 0133   154  16.450   0.780   0.230
 0134   154  15.280   0.420   0.240
 0135   154  13.820   0.870   0.430
 0136   154  17.220   1.210   0.900
 0137   154  16.070   1.070   0.660
 0138   154  16.070   1.030   0.740
 0139   154  15.940   0.690   0.160
 0140   154  15.150   0.740   0.180
 0141   154  17.150   1.440         
 0142   154  16.550   0.770   0.060
 0143   154  17.180   0.830   0.260
 0144   154  16.130   1.080   0.480
 0145   154  16.560   0.670   0.290
 0146   154  15.270   1.450         
 0147   154  15.370   0.440   0.290
 0148   154  17.380   0.820         
 0149   154  13.920   0.370   0.120
 0150   154  13.550   0.270  -0.200
 0151   154  13.950   0.300  -0.050
 0152   154  12.640   0.190  -0.460
 0153   154  16.690   1.220         
 0154   154  14.810   0.960   0.370
 0155   154  14.830   0.990   0.710
 0156   154  16.360   0.910   0.470
 0157   154  14.900   0.380  -0.010
 0158   154  16.570   0.800   0.240
 0159   154  13.730   0.290  -0.120
 0160   154  15.300   2.130         
 0161   154  11.350   0.160  -0.580
 0162   154  17.100   1.120   0.980
 0163   154  16.460   0.740   0.330
 0164   154  16.560   0.750   0.210
 0165   154  14.640   0.280   0.160
 0166   154  15.610   0.550   0.330
 0167   154  14.870   0.320   0.210
 0168   154  16.290   0.710   0.290
 0169   154  15.600   0.670   0.160
 0170   154  17.180   0.700   0.280
 0171   154  15.650   0.600   0.070
 0172   154  14.830   0.760   0.220
 0173   154  16.530   1.270   0.800
 0174   154  16.150   1.150   0.680
 0175   154  14.350   0.870   0.400
 0176   154  16.020   1.550   1.320
 0177   154  17.050   0.860   0.290
 0178   154  17.210   1.080   0.750
 0179   154  13.530   0.500   0.340
 0180   154  14.240   0.350   0.250
 0181   154  16.110   0.760   0.200
 0182   154  15.850   0.770   0.270
 0183   154  16.310   1.440   1.140
 0184   154  16.850   0.750   0.200
 0185   154  15.630   0.720   0.180
 0186   154  13.850   0.230  -0.180
 0187   154  15.220   0.700   0.400
 0188   154  15.190   0.570   0.300
 0189   154  17.240   0.980   0.480
 0190   154  16.560   1.330   0.960
 0191   154  13.520   0.470   0.380
 0192   154  16.860   0.950   0.560
 0193   154  16.380   0.960   0.360
 0194   154  11.650   0.360  -0.460
 0195   154  10.890   0.180  -0.560
 0196   154  17.220   1.250   1.370
 0197   154  16.740   1.470   1.250
 0198   154  16.150   0.870   0.300
 0199   154  14.870   0.390   0.050
 0200   154  17.320   1.160   0.630
 0201   154  16.420   0.610   0.300
 0202   154  16.790   0.920   0.390
 0203   154  15.480   0.510   0.360
 0204   154  16.650   1.120   0.550
 0205   154  16.030   0.780   0.350
 0206   154  15.470   0.760   0.200
 0207   154  15.490   0.570   0.260
 0208   154  12.670   1.120   0.830
 0209   154  16.320   0.940   0.480
 0210   154  13.730   1.080   0.660
 0211   154  16.520   0.880   0.300
 0212   154  14.730   0.900   0.320
 0213   154  12.120   0.170  -0.430
 0214   154  11.230   0.150  -0.590
 0215   154  13.430   0.390  -0.200
 0216   154  12.450   0.400   0.290
 0217   154  15.710   0.960   0.640
 0218   154  13.880   0.300   0.040
 0219   154  17.060   1.020   0.600
 0220   154  13.510   0.670   0.480
 0221   154  11.890   0.450   0.250
 0222   154  16.140   2.490         
 0223   154  15.410   1.010   0.430
 0224   154  14.330   0.740   0.200
 0225   154  14.480   0.690   0.190
 0226   154  16.890   0.970   0.600
 0227   154  15.900   0.840   0.330
 0228   154  16.630   1.180   0.960
 0229   154  17.240   0.980   0.360
 0230   154  16.940   0.910   0.360
 0231   154  16.020   0.860   0.270
 0232   154  13.680   0.740   0.180
 0233   154  13.470   0.720   0.150
 0234   154  13.370   0.490   0.340
 0235   154  14.670   0.840   0.350
 0236   154  13.910   0.370   0.270
 0237   154  11.440   0.290   0.220
 0238   154  15.280   0.990   0.670
 0239   154  16.300   0.900   0.440
 0240   154  14.870   0.690   0.140
 0241   154  16.030   0.820   0.360
 0242   154  16.020   1.050   0.690
 0243   154  15.360   0.740   0.220
 0244   154  13.550   1.370   1.390
 0245   154  13.570   0.610   0.200
 0246   154  13.620   1.270   1.070


