  No    Ref    V       B-V     U-B
 0004   303  15.388   1.539   1.173
 0004   495  15.351   1.550         
 0005   303  17.797   1.644         
 0008   303  13.530   0.806   0.504
 0008   495  13.569   0.786         
 0009   303  13.200   1.886   1.627
 0009   495  13.369   1.844         
 0016   303  17.557   1.504         
 0016   495  17.592   1.527         
 0019   303  17.684   1.467         
 0019   495  17.864   1.299         
 0020   303  17.262   2.386         
 0020   495  17.489   2.397         
 0022   303  18.028   1.729         
 0022   495  17.894   1.594         
 0027   303  15.459   1.182   0.711
 0027   495  15.563   1.142         
 0030   303  19.083   1.633         
 0033   303  17.487   1.676         
 0033   495  17.585   1.826         
 0036   303  18.894   1.508         
 0038   303  18.181   1.756         
 0039   303  18.082   1.562         
 0040   303  17.223   1.444   1.108
 0040   495  17.332   1.501         
 0041   303  18.522   1.836         
 0041   495  17.779   1.615         
 0043   303  18.392   1.813         
 0044   303  17.515   1.732         
 0044   495  17.576   1.851         
 0047   303  19.149   1.561         
 0048   303  18.560   1.886         
 0049   303  16.720   1.252   1.051
 0049   495  16.781   1.357         
 0050   303  16.528   1.379   0.977
 0050   495  16.674   1.443         
 0051   303  16.052   1.267   0.932
 0051   495  16.200   1.266         
 0053   303  14.845   1.067   0.486
 0053   495  14.878   1.033         
 0055   303  14.351   1.034   0.625
 0055   495  14.406   1.020         
 0056   303  16.852   1.715         
 0058   303  15.910   1.366   1.197
 0058   495  15.954   1.371         
 0061   303  16.929   1.387   0.927
 0061   495  16.946   1.450         
 0062   303  14.783   1.110   0.596
 0062   495  14.832   1.049         
 0063   303  15.403   1.306   0.830
 0063   495  15.471   1.284         
 0064   303  14.174   0.972   0.422
 0064   495  14.253   0.951         
 0065   303  16.699   1.322   0.800
 0065   495  16.876   1.459         
 0066   303  13.374   0.881   0.423
 0066   495  13.465   0.862         
 0068   303  13.531   0.822   0.480
 0068   495  13.637   0.777         
 0070   303  15.471   1.144   0.651
 0070   495  15.507   1.243         
 0071   303  17.618   1.663         
 0071   495  17.786   1.298         
 0072   303  14.740   1.143   0.782
 0072   495  14.846   1.142         
 0073   303  17.180   1.481   0.957
 0073   495  17.301   1.419         
 0076   303  15.114   1.251   0.710
 0076   495  15.197   1.191         
 0078   303  16.373   1.277   0.864
 0078   495  16.418   1.171         
 0080   303  14.694   0.993   0.426
 0080   495  14.528   0.834         
 0081   303  18.683   1.858         
 0083   303  15.239   1.291   0.839
 0083   495  15.306   1.236         
 0084   303  15.863   1.226   0.665
 0084   495  16.022   1.085         
 0085   303  17.339   1.449         
 0085   495  17.368   1.426         
 0086   303  10.035   0.386  -0.063
 0087   303  13.312   0.950   0.464
 0087   495  13.415   0.923         
 0088   303  16.072   1.336   1.008
 0088   495  16.253   1.221         
 0089   303  17.588   1.587         
 0089   495  17.625   1.862         
 0090   303  18.180   1.564         
 0090   495  18.399   1.792         
 0093   303  17.023   1.508         
 0093   495  16.904   1.287         
 0094   303  16.934   1.418   1.139
 0094   495  16.898   1.392         
 0096   303  14.544   1.068   0.465
 0096   495  14.652   0.953         
 0098   303  18.860   1.742         
 0100   303  18.545   2.184         
 0103   303  12.757   0.818   0.540
 0103   495  12.851   0.724         
 0104   303  17.381   1.607         
 0104   495  17.452   1.588         
 0109   303  15.663   1.255   0.743
 0110   303  15.900   1.211   0.732
 0110   495  16.075   1.150         
 0115   303  13.078   0.730   0.499
 0115   495  13.187   0.646         
 0116   303  17.336   1.526         
 0116   495  17.350   1.438         
 0117   303  18.147   1.583         
 0118   303  16.847   1.529   1.366
 0118   495  16.942   1.475         
 0123   303  15.801   1.169   0.626
 0123   495  15.850   1.198         
 0124   303  17.378   1.494         
 0124   495  17.317   1.446         
 0125   303  18.335   1.845         
 0126   303  16.637   2.017   1.488
 0126   495  16.705   2.063         
 0127   303  18.497   1.643         
 0128   303  15.028   1.077   0.851
 0128   495  15.048   1.073         
 0130   303  18.715   1.541         
 0132   303  14.711   1.103   0.541
 0132   495  14.782   0.990         
 0133   303  10.548   0.336  -0.080
 0133   495  10.604   0.362         
 0134   303  11.438   0.582   0.308
 0134   495  11.213   0.662         
 0135   303  14.046   1.093   0.508
 0135   495  14.142   1.010         
 0136   303  12.537   1.519   1.347
 0138   303  13.291   0.754   0.464
 0138   495  13.404   0.663         
 0140   303  16.128   1.365   1.152
 0141   303  15.034   1.192   0.704
 0141   495  15.138   1.202         
 0142   303  18.710   2.011         
 0143   303  14.498   1.063   0.697
 0143   495  14.587   0.978         
 0146   303  18.304   1.644         
 0149   303  18.173   1.613         
 0150   303  18.513   2.118         
 0152   303  13.439   0.760   0.462
 0152   495  13.540   0.712         
 0157   303  16.820   2.584   1.627
 0158   303  18.178   1.599         
 0158   495  18.596   1.781         
 0160   303  17.129   1.829         
 0161   303  14.007   0.989   0.465
 0161   495  13.794   0.982         
 0164   303  14.280   1.010   0.518
 0164   495  14.313   0.901         
 0166   303  14.911   1.235   0.731
 0167   303  15.584   1.153   0.630
 0167   495  15.786   1.132         
 0168   303  16.331   1.352   0.982
 0168   495  16.322   1.464         
 0169   303  17.188   1.392   0.999
 0169   495  16.895   1.565         
 0170   303  13.802   0.932   0.472
 0170   495  13.907   0.856         
 0176   303  15.261   1.178   0.662
 0176   495  15.288   1.179         
 0177   303  17.532   1.853         
 0177   495  17.705   2.038         
 0179   303  14.290   0.986   0.446
 0179   495  14.380   0.952         
 0184   303  15.301   1.150   0.570
 0184   495  15.347   1.085         
 0188   303  16.693   1.235   0.721
 0188   495  16.804   1.371         
 0189   303  17.461   1.577         
 0189   495  17.770   1.347         
 0191   303  16.208   1.276   0.804
 0191   495  16.256   1.301         
 0194   303  18.757   1.699         
 0196   303  18.342   1.716         
 0197   303  18.235   1.551         
 0197   495  18.402   1.595         
 0198   303  13.920   0.970   0.539
 0198   495  13.990   0.898         
 0199   303  14.782   1.063   0.497
 0199   495  14.562   0.735         
 0200   303  18.462   1.744         
 0202   303  17.871   1.849         
 0203   303   9.908   0.462   0.053
 0203   495  10.029   0.418         
 0206   303  12.302   0.569   0.442
 0206   495  12.211   0.564         
 0207   303  15.143   1.306   0.745
 0207   495  15.187   1.283         
 0208   303  16.686   1.284   0.990
 0208   495  16.786   1.396         
 0211   303  16.844   1.329   1.088
 0212   303  11.762   0.626   0.478
 0214   303  11.663   0.552   0.438
 0214   495  11.028   0.520         
 0216   303  18.283   1.694         
 0218   303  17.056   1.593         
 0221   303  12.833   0.692   0.580
 0221   495  12.895   0.627         
 0222   303  17.944   1.522         
 0222   495  17.908   2.002         
 0223   303  17.090   1.564         
 0224   303  18.845   1.442         
 0225   303  19.009   1.606         
 0226   303  18.381   1.658         
 0226   495  18.531   2.094         
 0227   303  13.655   0.900   0.489
 0227   495  13.707   0.847         
 0229   303  13.837   0.906   0.533
 0229   495  13.867   0.899         
 0230   303  17.204   1.708         
 0230   495  17.256   1.765         
 0232   303  15.855   1.143   0.687
 0232   495  15.585   1.221         
 0234   303  18.636   1.726         
 0236   303  18.859   1.640         
 0237   303  16.639   1.305   0.987
 0237   495  15.703   1.216         
 0242   303  14.579   1.011   0.431
 0242   495  14.702   0.945         
 0244   303  14.433   1.005   0.509
 0244   495  14.479   0.950         
 0246   303  16.248   1.163   0.628
 0246   495  16.126   1.206         
 0247   303  12.971   0.715   0.480
 0247   495  13.058   0.633         
 0252   303  12.715   0.605   0.519
 0252   495  12.772   0.571         
 0255   303  18.513   2.187         
 0256   303  11.813   0.602   0.523
 0256   495  11.425   0.593         
 0258   303  14.204   0.966   0.474
 0258   495  14.234   0.970         
 0261   303  11.055   0.488   0.031
 0261   495  11.004   0.458         
 0262   303  17.635   2.485         
 0263   303  18.602   1.587         
 0264   303  16.650   2.355         
 0264   495  16.722   2.661         
 0267   303  17.116   1.359   1.163
 0267   495  17.180   1.426         
 0268   303  13.110   0.716   0.458
 0268   495  13.210   0.615         
 0270   303  16.312   2.001   2.098
 0270   495  16.682   1.677         
 0271   303  15.810   1.140   0.649
 0271   495  15.244   0.535         
 0272   303  18.168   2.018         
 0273   303  18.597   1.840         
 0276   303  13.202   1.280   0.478
 0276   495  13.314   0.713         
 0280   303  12.778   0.629   0.514
 0280   495  12.826   0.594         
 0281   303  19.040   1.668         
 0284   303  15.287   1.712   1.433
 0284   495  15.294   1.763         
 0285   303  15.984   1.284   1.059
 0285   495  15.989   1.323         
 0287   303  15.746   1.220   0.751
 0287   495  15.806   1.240         
 0288   303  18.218   1.646         
 0289   303  18.729   1.881         
 0291   303  16.899   1.264   0.928
 0291   495  17.006   1.373         
 0292   303  17.562   1.380         
 0293   303  18.070   1.841         
 0295   303  16.012   1.205   0.759
 0295   495  15.857   1.210         
 0296   303  17.908   1.740         
 0296   495  18.105   1.604         
 0297   303  18.155   1.670         
 0305   303  15.658   1.122   0.686
 0305   495  15.712   1.205         
 0306   303  18.828   1.816         
 0308   303  17.979   1.475         
 0308   495  17.791   1.922         
 0309   303  17.121   1.337   1.034
 0309   495  17.006   1.407         
 0315   303  17.737   1.854         
 0315   495  17.895   1.966         
 0317   303  18.417   1.579         
 0320   303  16.359   2.250   1.384
 0320   495  16.369   2.407         
 0321   303  15.568   1.291   0.927
 0321   495  15.627   1.278         
 0323   303  13.404   1.045   0.594
 0323   495  13.489   1.039         
 0324   303  16.048   1.158   0.798
 0324   495  16.058   1.234         
 0325   303  12.930   0.615   0.508
 0325   495  12.982   0.573         
 0327   303  17.932   1.753         
 0328   303  19.080   1.628         
 0331   303  17.865   1.435         
 0333   303  18.100   1.609         
 0333   495  18.012   1.951         
 0334   303  15.428   1.132   0.561
 0334   495  15.520   1.077         
 0338   303  17.245   1.393   0.766
 0338   495  17.312   1.720         
 0340   303  16.648   1.530   1.320
 0342   303  17.228   1.388         
 0342   495  17.386   1.819         
 0347   303  17.533   1.880         
 0347   495  17.430   1.985         
 0348   303  18.298   1.587         
 0350   303  16.723   1.287   0.836
 0350   495  16.621   1.332         
 0355   303  14.583   0.994   0.453
 0355   495  14.674   0.968         
 0357   303  18.043   1.678         
 0359   303  17.736   1.687         
 0359   495  17.881   1.620         
 0361   303  18.233   1.694         
 0361   495  17.959   2.625         
 0366   303  17.505   1.516         
 0366   495  17.495   1.565         
 0370   303  18.622   1.596         
 0375   303  14.098   0.922   0.424
 0375   495  14.177   0.885         
 0376   303  13.275   0.732   0.567
 0376   495  13.314   0.691         
 0377   303  14.738   1.030   0.522
 0377   495  14.854   0.994         
 0379   303  17.233   1.474         
 0379   495  17.479   1.391         
 0381   303  13.010   0.697   0.584
 0381   495  13.064   0.643         
 0383   303  16.968   1.608         
 0383   495  17.049   1.679         
 0385   303  17.097   1.456         
 0385   495  17.333   1.416         
 0386   303  18.420   2.045         
 0387   303  17.422   1.955         
 0387   495  17.642   1.948         
 0396   303  15.596   1.239   1.043
 0396   495  15.524   1.250         
 0399   303  17.644   1.661         
 0399   495  17.511   1.408         
 0400   303  16.657   1.571         
 0400   495  16.912   1.659         
 0402   303  18.694   1.961         
 0403   303  18.090   1.550         
 0403   495  17.979   1.411         
 0405   303  17.898   1.928         
 0406   303  16.120   1.491   1.155
 0406   495  16.172   1.448         
 0410   303  12.024   0.564   0.436
 0410   495  12.152   0.439         
 0411   303  18.612   1.764         
 0413   303  18.512   2.147         
 0417   303  14.173   1.137   0.625
 0417   495  14.264   1.113         
 0418   303  17.202   1.601         
 0419   303  18.490   1.789         
 0421   303  15.089   1.909   1.597
 0421   495  15.137   1.873         
 0422   303  18.009   1.695         
 0422   495  17.639   0.985         
 0423   495  14.080   1.134         
 0424   303  16.694   1.387   1.068
 0425   303  15.428   1.151   0.652
 0425   495  15.567   1.119         
 0428   303  18.066   1.709         
 0428   495  17.953   2.012         
 0429   303  12.180   0.678   0.502
 0429   495  12.302   0.589         
 0430   303  16.061   1.334   0.983
 0430   495  16.162   1.277         
 0433   303  15.997   1.299   0.916
 0433   495  16.161   1.201         
 0434   303  17.302   1.519   0.908
 0437   303  18.128   1.697         
 0438   303  18.359   1.519         
 0442   303  18.121   1.676         
 0442   495  18.322   1.836         
 0443   303  14.743   1.160   0.673
 0443   495  14.903   1.064         
 0444   303  14.946   2.033   1.600
 0444   495  14.945   2.232         
 0448   303  15.539   1.494   1.288
 0448   495  15.588   1.411         
 0451   303  13.933   0.890   0.619
 0451   495  13.983   0.895         
 0452   303  17.271   1.380         
 0452   495  17.317   1.297         
 0453   303  18.559   1.772         
 0453   495  18.777   1.492         
 0464   303  17.880   1.813         
 0464   495  17.996   1.313         
 0469   303  14.764   2.090   1.679
 0469   495  14.812   2.179         
 0470   303  18.790   1.871         
 0471   303  14.426   2.555   1.552
 0471   495  14.490   2.692         
 0476   303  15.049   1.342         
 0476   495  15.175   1.063         
 0477   303  15.197   1.361         
 0477   495  15.354   0.982         
 0479   495  16.768   1.358         
 1001   495  17.394   1.482         
 1004   495  15.306   0.979         
 1005   495  16.717   1.423         
 1008   495  17.485   1.443         
 1012   495  15.565   2.878         
 1014   495  13.751   0.902         
 1015   495  15.936   1.293         
 1016   495  17.614   1.812         
 1017   495  16.575   1.590         
 1026   495  14.857   1.073         
 1027   495  17.033   1.497         
 1031   495  14.554   1.119         
 1032   495  17.640   1.547         
 1035   495  16.870   1.358         
 1036   495  17.998   1.927         
 1038   495  13.102   0.846         
 1039   495  17.747   1.700         
 1040   495  17.953   1.609         
 1041   495  18.559   1.596         
 1042   495  14.504   1.123         
 1043   495  17.250   1.623         
 1046   495  15.073   1.003         
 1048   495  12.166   0.489         
 1051   495  16.451   1.396         
 1055   495  13.103   0.811         
 1056   495  18.539   1.331         
 1057   495  14.713   0.962         
 1058   495  16.080   1.900         
 1059   495  17.685   2.214         
 1062   495  13.946   0.781         
 1063   495  14.862   1.116         
 1064   495  13.990   0.979         
 1065   495  13.178   1.108         
 1067   495  17.319   1.767         
 1068   495  18.209   2.014         
 1069   495  16.997   1.715         
 1071   495  18.049   1.734         
 1072   495  15.122   1.060         
 1075   495  17.680   2.083         
 1076   495  16.870   1.625         
 1077   495  16.912   1.501         
 1083   495  17.891   2.305         
 1084   495  17.241   1.812         
 1085   495  17.364   1.351         
 1086   495  14.506   0.975         
 1087   495  16.225   1.348         
 1088   495  16.410   1.542         
 1089   495  16.662   1.716         
 1091   495  11.866   0.854         
 1094   495  15.991   1.473         
 1097   495  16.515   1.313         
 1099   495  15.566   1.349         
 1102   495  18.472   1.555         
 1106   495  17.910   2.081         
 1108   495  16.456   2.337         
 1109   495  18.129   1.933         
 1110   495  17.977   1.197         
 1113   495  15.098   1.101         
 1114   495  16.876   1.356         
 1115   495  10.637   1.385         
 1118   495  14.901   1.086         
 1120   495  17.879   1.735         
 1124   495  16.820   1.680         
 1127   495  15.573   1.083         
 1128   495  17.153   1.524         
 1129   495  17.181   1.418         
 1130   495  11.933   1.599         
 1132   495  16.895   1.369         
 1133   495  17.635   1.661         
 1136   495  14.727   1.134         
 1139   495  15.959   1.252         
 1143   495  16.622   1.270         
 1153   495  17.957   1.318         
 1154   495  17.677   2.265         
 1157   495  17.714   1.912         
 1159   495  17.603   1.816         
 1164   495  16.675   1.339         
 1166   495  16.091   1.372         
 1168   495  18.269   1.874         
 1169   495  16.703   1.399         
 1170   495  16.717   1.267         
 1174   495  17.670   2.298         
 1179   495  18.171   1.712         
 1180   495  16.480   1.559         
 1182   495  14.879   1.199         
 1184   495  16.782   1.550         
 1187   495  14.965   1.260         
 1189   495  15.957   1.153         
 1191   495  17.200   1.735         
 1192   495  17.951   1.773         
 1193   495  13.678   0.958         
 1196   495  16.982   1.324         
 1198   495  14.776   0.971         
 1199   495  16.925   0.794         
 1200   495  17.421   1.359         
 1201   495  15.229   1.271         
 1202   495  11.133   1.800         
 1204   495  15.959   1.069         
 1205   495  16.500   1.339         
 1206   495  17.729   1.697         
 1208   495  17.685   1.563         
 1210   495  15.661   1.232         
 1211   495  17.705   1.588         
 1214   495  16.216   1.265         
 1215   495  15.624   1.247         
 1218   495  17.373   1.567         
 1220   495  17.063   1.597         
 1222   495  16.719   1.517         
 1223   495  15.025   1.127         
 1226   495  17.349   1.596         
 1227   495  17.061   1.405         
 1230   495  14.468   1.977         
 1231   495  16.399   1.267         
 1232   495  17.208   1.731         
 1233   495  15.112   1.081         
 1237   495  14.520   1.917         
 1238   495  16.853   1.498         
 1239   495  16.589   2.602         
 1241   495  16.171   1.153         
 1242   495  17.237   1.403         
 1243   495  16.708   2.592         
 1245   495  14.924   1.105         
 1246   495  15.302   1.068         
 1248   495  16.998   1.434         
 1249   495  17.133   1.478         
 1250   495  15.993   2.234         
 1251   495  17.038   1.513         
 1252   495  17.604   1.542         
 1254   495  17.792   1.519         
 1255   495  15.419   1.186         
 1259   495  13.369   0.727         
 1262   495  17.181   1.002         
 1265   495  16.624   1.021         
 1271   495  16.849   1.249         
 1272   495  17.974   1.616         
 1276   495  17.898   2.022         
 1277   495  16.325   1.427         
 1278   495  13.057   0.927         
 1280   495  17.304   1.990         
 1283   495  18.008   1.772         
 1284   495  16.773   1.255         
 1285   495  16.463   1.397         
 1286   495  14.892   1.089         
 1287   495  17.353   2.408         
 1288   495  15.211   1.059         
 1289   495  14.951   1.158         
 1290   495  16.376   2.392         
 1293   495  17.326   2.434         
 1297   495  17.455   1.511         
 1300   495  13.330   0.710         
 1301   495  15.053   1.296         
 1302   495  17.858   1.820         
 1303   495  17.933   1.761         
 1306   495  18.211   1.386         
 1307   495  17.872   1.561         
 1308   495  17.613   1.413         
 1311   495  14.603   1.269         
 1312   495  16.494   1.400         
 1314   495  18.060   1.819         
 1315   495  16.821   1.324         
 1319   495  17.812   1.359         
 1321   495  17.708   2.083         
 1325   495  15.518   1.439         
 1328   495  17.710   1.858         
 1329   495  15.027   1.371         
 1331   495  17.755   1.693         
 1332   495  18.040   1.567         
 1333   495  18.062   1.609         
 1334   495  18.241   1.617         
 1338   495  18.026   1.541         
 1339   495  16.402   1.329         
 1340   495  18.003   2.100         
 1342   495  18.509   1.349         
 1345   495  15.867   3.046         
 1347   495  14.294   0.860         
 1348   495  13.814   1.445         
 1351   495  13.621   0.862         
 1353   495  15.128   1.333         
 1354   495  17.221   1.569         
 1355   495  18.535   2.166         
 1358   495  16.823   1.962         
 1363   495  12.405   0.567         
 1364   495  16.741   1.384         
 1365   495  14.578   0.976         
 1366   495  17.161   1.542         
 1367   495  16.037   1.232         
 1368   495  11.754   0.464         
 1369   495  15.622   2.959         
 1370   495  15.933   1.063         
 1373   495  14.869   0.956         
 1375   495  15.416   1.324         
 1376   495  17.557   1.395         
 1377   495  15.769   1.186         
 1378   495  11.771   0.330         
 1379   495  16.949   1.314         
 1384   495  15.395   1.238         
 1386   495  16.454   1.522         
 1387   495  16.996   2.030         
 1388   495  17.264   1.449         
 1389   495  17.157   2.284         
 1390   495  16.212   1.461         
 1392   495  16.287   2.409         
 1394   495  13.345   0.940         
 1396   495  16.631   1.375         
 1397   495  13.907  -2.736         
 1398   495  14.761   1.913         
 1400   495  16.407   1.463         
 1403   495  17.298   2.808         
 1404   495  17.364   1.814         
 1405   495  11.335   2.145         
 1406   495  14.736   1.309         
 1407   495  18.753   3.938         
 1408   495  14.586   2.127         
 1411   495  14.130   0.943         
 1414   495  16.892   2.266         
 1416   495  16.775   0.672         
 1417   495  16.781   1.341         
 1418   495  17.842   1.831         
 1419   495  13.498   0.697         
 1420   495  17.403   1.547         
 1421   495  16.812   1.438         
 1422   495  13.827   1.083         
 1425   495  17.485   1.501         
 1427   495  15.777   1.486         
 1428   495  15.926   1.289         
 1429   495  13.259   0.746         
 1430   495  15.328   1.301         
 1433   495  16.567   1.450         
 1434   495  17.221   2.038         
 1435   495  16.033   2.423         
 1436   495  16.433   1.261         
 1437   495  18.452   1.295         
 1438   495  17.897   2.191         
 1439   495  12.240   0.373         
 1440   495  16.811   1.821         
 1442   495  17.728   2.141         
 1445   495  15.410   1.166         
 1447   495  14.442   0.883         
 1450   495  17.187   1.351         
 1452   495  17.813   2.196         
 1454   495  17.093   1.492         
 1456   495  13.817   0.853         
 1457   495  16.733   1.353         
 1459   495  15.768   1.323         
 1461   495  17.324   1.408         
 1462   495  17.735   1.687         
 1465   495  18.371   1.699         
 1466   495  17.178   1.574         
 1467   495  18.204   1.840         
 1469   495  15.773   1.393         
 1470   495  18.259   1.280         
 1475   495  17.184   1.489         
 1477   495  17.253   1.638         
 1478   495  16.480   3.019         
 1479   495  16.182   1.261         
 1481   495  15.280   1.128         
 1485   495  17.415   1.346         
 1487   495  18.051   1.732         
 1489   495  17.320   1.408         
 1492   495  17.389   1.436         
 1493   495  16.938   1.600         
 1497   495  17.144   1.501         
 1500   495  17.950   1.315         
 1501   495  16.566   1.223         
 1502   495  15.827   1.304         
 1503   495  17.053   1.436         
 1504   495  18.009   1.732         
 1505   495  17.281   1.051         
 1506   495  14.982   0.999         
 1509   495  16.926   1.503         
 1514   495  17.268   1.869         
 1515   495  17.501   1.538         
 1516   495  18.063   1.856         
 1517   495  15.218   1.248         
 1518   495  17.972   1.897         
 1523   495  13.928   0.790         
 1527   495  16.035   1.054         
 1528   495  18.242   1.588         
 1529   495  16.802   1.319         
 1530   495  16.875   1.559         
 1533   495  14.793   1.141         
 1535   495  16.994   1.460         
 1536   495  16.397   1.326         
 1537   495  17.571   1.990         
 1538   495  17.426   1.417         
 1541   495  14.462   0.981         
 1543   495  16.878   1.430         
 1546   495  14.501   0.957         
 1548   495  13.675   0.858         
 1549   495  16.603   1.047         
 1553   495  17.400   1.579         
 1559   495  18.254   1.471         
 1560   495  16.140   1.155         
 1562   495  17.350   1.922         
 1563   495  17.407   1.407         
 1565   495  16.316   1.230         
 1566   495  17.425   1.715         
 1568   495  16.167   1.192         
 1571   495  16.812   2.333         
 1572   495  17.707   2.086         
 1573   495  16.216   1.425         
 1575   495  17.215   1.317         
 1576   495  14.397   2.727         
 1577   495  15.337   1.225         
 1578   495  18.258   1.467         
 1579   495  15.780   1.103         
 1580   495  16.197   1.662         
 1581   495  17.376   1.829         
 1583   495  14.202   1.038         
 1584   495  17.040   1.633         
 1585   495  16.082   0.930         
 1588   495  14.079   1.151         
 1589   495  13.672   2.165         
 1590   495  13.185   0.795         
 1592   495  15.111   1.091         
 1593   495  16.146   2.154         
 1594   495  16.676   1.329         
 1595   495  17.400   1.678         
 1597   495  17.120   1.582         
 1598   495  17.440   1.669         
 1600   495  16.110   1.276         
 1601   495  16.326   1.394         
 1603   495  16.753   1.500         
 1607   495  16.444   1.489         
 1609   495  18.372   1.500         
 1610   495  18.044   2.009         
 1614   495  16.933   2.391         
 1617   495  17.788   1.354         
 1619   495  16.741   1.359         
 1620   495  18.268   1.484         
 1621   495  14.539   1.124         
 1622   495  18.237   1.821         
 1623   495  16.064   1.250         
 1626   495  17.141   1.471         
 1629   495  18.094   1.987         
 1630   495  15.951   1.550         
 1631   495  17.945   1.267         
 1632   495  16.392   2.477         
 1633   495  15.776   1.503         
 1634   495  13.783   0.921         
 1636   495  18.179   2.264         
 1637   495  15.380   1.148         
 1638   495  16.051   2.177         
 1640   495  16.357   1.453         
 1641   495  16.792   1.265         
 1644   495  16.460   1.189         
 1647   495  16.262   1.336         
 1648   495  18.071   1.926         
 1649   495  17.811   2.642         
 1650   495  17.241   1.814         
 1653   495  17.872   1.841         
 1654   495  17.881   1.520         
 1655   495  17.872   1.560         
 1656   495  17.285   3.443         
 1659   495  14.129   0.828         
 1660   495  17.801   1.434         
 1661   495  16.777   2.838         
 1663   495  18.411   2.110         
 1665   495  17.401   1.762         
 1666   495  15.739   1.685         
 1667   495  17.767   1.765         
 1668   495  18.350   2.279         
 1671   495  17.260   1.511         
 1676   495  17.683   1.619         
 1680   495  17.565   1.513         
 1684   495  15.705   1.289         
 1685   495  12.942   0.917         
 1686   495  17.136   1.451         
 1687   495  17.642   1.680         
 1688   495  15.710   1.707         
 1690   495  17.039   1.534         
 1691   495  14.697   1.045         
 1693   495  17.606   1.486         
 1700   495  14.696   1.222         
 1702   495  17.256   1.284         
 1703   495  17.780   1.260         
 1705   495  16.416   1.333         
 1706   495  12.749   0.625         
 1707   495  17.599   1.498         
 1708   495  14.762   1.161         
 1710   495  17.157   1.585         
 1711   495  15.573   1.655         
 1712   495  13.709   1.101         
 1715   495  18.080   1.588         
 1716   495  14.030   0.843         
 1717   495  17.179   1.354         
 1718   495  15.068   0.929         
 1719   495  16.494   1.297         
 1720   495  14.703   1.320         
 1721   495  17.544   1.484         
 1725   495  17.357   1.536         
 1726   495  13.155   0.869         
 1729   495  17.472   1.683         
 1731   495  17.983   1.391         
 1732   495  17.870   1.489         
 1733   495  17.159   1.438         
 1734   495  14.474   1.040         
 1736   495  14.890   3.056         
 1741   495  17.901   1.585         
 1742   495  15.738   1.435         
 1743   495  18.488   2.096         
 1744   495  14.485   1.401         
 1747   495  15.221   1.039         
 1748   495  11.833   1.584         
 1749   495  18.052   1.480         
 1750   495  16.078   1.444         
 1752   495  15.558   1.316         
 1753   495  11.249   2.002         
 1755   495  18.465   1.236         
 1756   495  16.843   1.336         
 1757   495  17.647   1.702         
 1762   495  17.195   1.817         
 1764   495  17.771   1.411         
 1765   495  15.974   1.339         
 1766   495  16.338   1.361         
 1768   495  17.272   1.867         
 1771   495  15.392   1.114         
 1772   495  17.503   1.619         
 1773   495  16.500   1.231         
 1779   495  17.989   1.840         
 1780   495  16.800   1.369         
 1782   495  18.040   2.012         
 1783   495  14.882   1.259         
 1786   495  17.240   1.416         
 1788   495  15.368   1.092         
 1789   495  16.909   1.325         
 1792   495  18.516   1.779         
 1793   495  14.427   0.908         
 1794   495  18.030   1.827         
 1797   495  15.878   1.230         
 1798   495  15.536   1.258         
 1800   495  17.177   1.252         
 1801   495  16.762   1.585         
 1806   495  17.490   1.538         
 1807   495  14.834   1.161         
 1808   495  18.019   1.794         
 1809   495  14.398   1.077         
 1810   495  14.633   1.187         
 1812   495  14.201   1.063         
 1814   495  16.007   1.186         
 1815   495  17.725   1.577         
 1818   495  16.258   1.490         
 1821   495  18.007   1.670         
 1825   495  17.096   1.351         
 1829   495  16.395   1.702         
 1830   495  18.227   1.866         
 1831   495  14.262   0.932         
 1837   495  17.295   1.375         
 1838   495  16.566   2.004         
 1839   495  12.843   0.598         
 1842   495  16.998   1.692         
 1849   495  17.058   1.527         
 1850   495  17.567   1.833         
 1851   495  12.913   0.547         
 1852   495  17.854   1.574         
 1853   495  15.568   1.104         
 1854   495  17.622   1.251         
 1856   495  16.241   1.451         
 1857   495  13.550   1.804         
 1859   495  16.625   1.406         
 1861   495  17.446   1.656         
 1866   495  16.407   1.250         
 1867   495  13.920   1.079         
 1871   495  17.470   1.496         
 1872   495  17.631   1.569         
 1874   495  17.772   1.459         
 1880   495  17.588   1.556         
 1882   495  17.662   1.390         
 1885   495  17.154   1.530         
 1886   495  16.398   1.155         
 1900   495  17.799   1.999         
 1901   495  12.584   0.503         
 1902   495  18.436   1.724         
 1905   495  18.167   1.994         
 1907   495  16.446   1.710         
 1908   495  17.936   1.462         
 1909   495  17.331   1.568         
 1910   495  17.952   2.192         
 1911   495  16.368   1.257         
 1914   495  18.171   1.730         
 1915   495  15.156   1.093         
 1919   495  16.799   1.344         
 1922   495  17.993   1.614         
 1924   495  12.148   1.636         
 1925   495  16.232   1.470         
 1927   495  17.491   1.236         
 1929   495  15.228   1.056         
 1930   495  18.475   1.508         
 1933   495  15.360   1.970         
 1935   495  18.158   2.343         
 1938   495  14.993   1.165         
 1941   495  15.543   1.486         
 1942   495  16.452   1.317         
 1945   495  17.648   1.766         
 1951   495  16.330   1.426         
 1952   495  17.672   1.707         
 1957   495  15.099   1.340         
 1960   495  17.990   1.537         
 1961   495  16.616   1.795         
 1966   495  16.924   1.426         
 1971   495  17.821   1.537         
 1972   495  15.447   1.081         
 1974   495  16.118   1.291         
 1975   495  17.136   1.599         
 1977   495  16.513   1.453         
 1981   495  16.740   1.727         
 1983   495  18.034   1.560         
 1985   495  17.926   1.694         
 1986   495  14.776   1.288         
 1989   495  17.306   1.463         
 1990   495  18.417   1.719         
 1991   495  18.246   1.429         
 1995   495  17.499   1.728         
 1997   495  17.632   1.701         
 2002   495  16.610   1.455         
 2006   495  18.006   1.942         
 2009   495  17.574   2.075         
 2011   495  15.723   1.229         
 2012   495  12.254   0.990         
 2013   495  18.301   1.275         
 2014   495  16.290   1.503         
 2015   495  14.888   1.323         
 2018   495  17.211   1.865         
 2019   495  16.676   1.296         
 2020   495  18.253   1.772         
 2021   495  17.907   1.592         
 2024   495  15.072   1.325         
 2026   495  15.595   1.190         
 2027   495  15.400   1.112         
 2028   495  15.759   2.284         
 2031   495  14.509   1.082         
 2033   495  15.906   1.477         
 2034   495  17.642   1.445         
 2039   495  16.293   1.678         
 2042   495  15.503   1.139         
 2043   495  15.288   1.248         
 2045   495  17.105   1.553         
 2050   495  17.263   1.468         
 2057   495  14.897   1.162         
 2058   495  17.340   1.578         
 2059   495  13.346   0.751         
 2063   495  16.718   1.468         


