No    Ref    V       B-V     U-B
 0001    86  14.404   0.431   0.102
 0002    86  14.371   0.408  -0.055
 0003    86  13.934   0.444   0.218
 0004    86  11.332   0.325  -0.180
 0005    86  13.358   0.361  -0.226
 0006    86  11.699   0.335  -0.236
 0007    86  13.826   0.365  -0.029
 0008    86  14.514   0.408   0.095
 0009    86  14.907   1.507   1.469
 0010    86  15.397   0.469   0.434
 0011    86  15.419   0.582   0.425
 0012    86  12.757   0.343  -0.205
 0014    86  14.143   0.399   0.028
 0015    86  14.976   0.412   0.265
 0016    86  13.557   0.390  -0.066
 0017    86  13.824   0.405   0.117
 0018    86  15.222   0.559   0.444
 0019    86  11.944   0.679   0.267
 0020    86  14.032   0.351  -0.040
 0021    86  13.652   0.390  -0.046
 0022    86  13.059   0.371  -0.146
 0023    86  11.068   1.772   1.955
 0024    86  16.107   0.585   0.518
 0026    86  15.323   0.723   0.520
 0027    86  14.246   0.362   0.133
 0029    86  13.184   0.333  -0.334
 0031    86  14.913   0.399   0.342
 0032    86  13.652   0.323  -0.119
 0033    86  14.011   0.381   0.005
 0034    86  15.728   0.496   0.469
 0035    86  14.875   0.437   0.289
 0036    86  15.810   0.531   0.478
 0037    86  14.668   0.382   0.268
 0038    86  16.018   0.604   0.532
 0039    86  13.264   1.689   1.692
 0040    86  14.777   0.409   0.266
 0041    86  15.689   0.572   0.533
 0042    86  14.841   0.632   0.493
 0043    86  12.124   0.319  -0.374
 0044    86  15.549   0.504   0.500
 0048    86  15.766   0.529   0.524
 0049    86  14.033   0.538   0.439
 0050    86  15.147   0.572   0.447
 0051    86  13.494   0.317  -0.126
 0052    86  14.789   0.936   0.397
 0053    86  16.031   0.867   0.392
 0054    86  13.041   0.359  -0.073
 0055    86  15.447   0.551   0.465
 0056    86  13.323   1.150   0.890
 0057    86  13.270   0.638   0.304
 0058    86  14.051   0.385   0.005
 0060    86  14.682   1.131   0.815
 0061    86  13.754   1.715   1.951
 0062    86  15.114   0.471   0.351
 0063    86  15.841   0.686   0.683
 0064    86  13.582   1.659   1.780
 0065    86  15.359   0.555   0.420
 0066    86  15.153   0.863   0.301
 0067    86  15.161   0.416   0.259
 0068    86  12.621   0.326  -0.233
 0069    86  11.199   0.158  -0.027
 0072    86  15.522   0.597   0.496
 0073    86  12.640   0.254  -0.354
 0074    86  15.209   0.445   0.413
 0075    86  14.083   0.841   0.209
 0076    86  15.960   0.588   0.499
 0077    86  14.629   0.363   0.153
 0078    86  13.512   0.336  -0.120
 0082    86  13.779   0.833   0.150
 0086    86  13.945   0.348  -0.112
 0087    86  15.312   0.456   0.452
 0092    86  13.922   1.459   1.198
 0094    86  14.533   0.848   0.416
 0096    86  16.151   0.925   0.207
 0097    86  15.598   0.596   0.631
 0098    86  15.378   0.495   0.422
 0105    86  12.215   0.909   0.841
 0106    86  14.496   0.545   0.595
 0107    86  15.660   0.911   0.415
 0108    86  15.412   0.978   0.496
 0113    86   9.573   0.701   1.015
 0114    86  15.742   0.501         
 1002    86  17.783   1.275         
 1003    86  18.993   1.129         
 1004    86  16.143   0.561         
 1005    86  18.523   0.918   0.193
 1006    86  19.569   0.678   0.517
 1007    86  16.468   0.656   0.569
 1008    86  19.471   0.975         
 1009    86  17.145   0.905   0.419
 1010    86  16.920   0.904   0.373
 1011    86  20.990   1.372         
 1012    86  20.044   1.212         
 1013    86  16.952   1.103   0.571
 1014    86  21.227   1.464         
 1015    86  19.813   1.723         
 1016    86  17.239   0.886   0.527
 1017    86  17.102   0.921   0.378
 1018    86  20.767   1.510         
 1019    86  20.603   1.026         
 1020    86  16.288   0.974   0.437
 1021    86  19.421   0.650   0.632
 1022    86  20.699   1.785         
 1023    86  20.735   1.471         
 1024    86  20.344   1.291         
 1025    86  19.706   1.073         
 1026    86  16.105   1.063   0.636
 1027    86  17.691   1.092   0.355
 1028    86  20.104   1.257  -0.168
 1029    86  15.360   1.529   1.397
 1030    86  17.370   0.974   0.362
 1031    86  15.832   1.570   1.402
 1032    86  16.808   0.915   0.261
 1033    86  19.660   1.398         
 1034    86  20.415   0.927         
 1035    86  21.353   1.323         
 1036    86  15.926   1.037   0.519
 1037    86  17.016   0.950   0.426
 1038    86  17.389   0.881   0.357
 1039    86  19.210   0.609         
 1041    86  19.899   1.294         
 1042    86  20.912   0.872         
 1043    86  21.360   3.399         
 1044    86  20.011   1.497         
 1045    86  20.827   1.108         
 1046    86  19.458   1.434         
 1047    86  19.242   1.025   0.379
 1048    86  17.340   1.078  -0.062
 1050    86  18.353   0.424         
 1051    86  19.281   0.898         
 1052    86  19.332   1.787         
 1053    86  18.934   1.464         
 1054    86  19.057   1.266         
 1055    86  20.372   1.662         
 1057    86  20.096   1.511         
 1058    86  18.757   0.708   0.757
 1059    86  19.874   1.141         
 1060    86  16.618   1.232   1.142
 1062    86  18.781   0.998   0.720
 1063    86  19.522   0.900         
 1064    86  18.308   0.850   0.505
 1065    86  20.633   1.240         
 1066    86  18.664   1.071   0.565
 1067    86  19.181   1.208         
 1068    86  19.874   1.926         
 1069    86  19.484   0.888         
 1070    86  17.773   1.005   0.347
 1071    86  18.759   1.031   0.576
 1072    86  20.652   1.043         
 1073    86  17.142   0.848   0.418
 1074    86  16.358   0.611   0.586
 1075    86  20.888   1.687         
 1076    86  18.273   1.022   0.296
 1077    86  18.597   0.791   0.603
 1078    86  20.256   1.335         
 1079    86  20.884   1.253         
 1080    86  19.858   0.866   0.131
 1081    86  17.476   1.037   0.425
 1082    86  20.714   1.403         
 1084    86  20.349   1.483         
 1086    86  18.165   1.174   0.701
 1087    86  21.152   1.531         
 1088    86  20.716   0.849         
 1089    86  20.061   1.036         
 1090    86  19.542   1.178         
 1092    86  20.053   0.962         
 1093    86  18.032   1.086   0.551
 1094    86  18.898   0.911   0.311
 1095    86  19.955   1.063         
 1096    86  20.398   1.838         
 1097    86  21.108   1.132         
 1098    86  17.854   0.913   0.324
 1099    86  17.324   0.884   1.069
 1100    86  16.810   1.101         
 1101    86  18.895   1.122   0.610
 1102    86  20.363   1.056         
 1103    86  18.549   1.048   0.462
 1104    86  20.184   1.273         
 1105    86  20.615   1.698         
 1106    86  20.487   0.916         
 1107    86  16.189   0.494   0.314
 1108    86  19.621   1.053   0.126
 1109    86  20.949   1.074         
 1110    86  20.479   1.102         
 1111    86  18.710   0.955   0.459
 1112    86  19.974   1.037         
 1113    86  17.555   0.911   0.413
 1114    86  16.608   0.829   0.493
 1115    86  16.744   0.930   0.326
 1116    86  18.790   1.130   0.578
 1117    86  21.009   1.428         
 1118    86  19.656   1.860         
 1119    86  19.400   1.351         
 1121    86  18.838   1.093   0.557
 1122    86  19.770   1.659         
 1123    86  21.368   1.440         
 1124    86  19.646   1.130         
 1125    86  16.588   0.675   0.496
 1126    86  20.354   0.949         
 1127    86  18.445   0.946   0.347
 1128    86  20.005   1.304         
 1130    86  20.245   1.071         
 1132    86  19.647   1.125   0.352
 1133    86  19.830   1.175         
 1134    86  19.448   1.028         
 1135    86  20.157   1.547         
 1136    86  19.872   1.333         
 1137    86  19.118   1.467         
 1138    86  16.767   0.886   0.408
 1139    86  21.229   1.166         
 1140    86  20.939   1.062         
 1141    86  18.737   0.972   0.492
 1142    86  20.431   1.778         
 1143    86  16.373   1.579   1.610
 1144    86  17.993   0.841   0.347
 1145    86  20.924   0.172         
 1146    86  19.846   1.277         
 1148    86  20.688   1.365         
 1149    86  18.092   0.926   0.484
 1150    86  17.377   0.998   0.078
 1151    86  20.026   1.146         
 1152    86  17.434   0.933   0.409
 1153    86  21.576   1.199         
 1154    86  20.852   1.306         
 1155    86  20.935   1.094         
 1156    86  18.354   0.943   0.451
 1157    86  18.908   1.070         
 1158    86  20.580   1.555         
 1159    86  18.041   1.556         
 1160    86  20.926   2.152         
 1161    86  18.758   1.078   0.593
 1162    86  16.868   0.811   0.402
 1163    86  20.786   1.158         
 1164    86  18.606   1.157   0.988
 1165    86  16.757   0.871   0.401
 1166    86  21.149   1.246         
 1167    86  20.362   1.279         
 1168    86  20.691   1.005         
 1169    86  20.995   0.902         
 1170    86  20.602   1.604         
 1171    86  18.947   1.168   0.542
 1172    86  19.452   1.207         
 1173    86  18.327   0.984   0.548
 1174    86  15.639   1.396   1.088
 1175    86  19.974   1.194         
 1176    86  19.291   0.898   0.138
 1177    86  23.172   0.719         
 1178    86  20.685   1.232         
 1179    86  16.458   1.029   0.333
 1180    86  15.897   1.091   0.745
 1181    86  21.604   0.690         
 1182    86  20.483   1.323         
 1183    86  21.107   1.310         
 1184    86  22.054   0.830         
 1185    86  20.202   1.360         
 1186    86  18.855   1.147   0.677
 1187    86  19.497   2.351         
 1188    86  17.328   0.859   0.439
 1189    86  19.841   1.749         
 1190    86  15.835   0.475   0.407
 1191    86  19.867   1.058         
 1192    86  20.748   1.561         
 1193    86  18.612   0.930   0.319
 1194    86  19.510   1.468         
 1195    86  19.711   1.055         
 1196    86  16.915   0.816   0.394
 1197    86  21.388   1.476         
 1198    86  17.511   0.924   0.360
 1199    86  18.100   0.970   0.410
 1200    86  19.611   1.200         
 1201    86  18.881   0.931   0.416
 1202    86  20.635   1.309         
 1203    86  17.300   0.935   0.413
 1204    86  19.602   1.182         
 1205    86  20.461   1.435         
 1206    86  16.269   0.644   0.551
 1207    86  19.767   1.136         
 1208    86  17.063   0.807   0.487
 1209    86  21.636   1.900         
 1210    86  19.090   1.221         
 1211    86  18.517   0.949   0.362
 1212    86  19.813   1.115         
 1213    86  19.225   1.088         
 1214    86  18.226   1.388         
 1215    86  20.204   1.271         
 1216    86  20.539   1.420         
 1217    86  16.873   0.842   0.332
 1218    86  20.628   1.497         
 1219    86  16.541   1.368   0.967
 1221    86  18.016   1.138   0.598
 1222    86  19.222   0.983   0.311
 1223    86  21.197   1.020         
 1224    86  18.716   1.075   0.703
 1225    86  17.650   1.226   0.778
 1226    86  20.521   1.194         
 1227    86  20.888   1.717         
 1228    86  16.443   1.068   0.540
 1230    86  16.011   0.629   0.545
 1231    86  19.833   1.245  -0.409
 1232    86  17.495   0.763   0.341
 1233    86  19.810   1.315         
 1234    86  17.918   1.108   0.644
 1235    86  20.008   1.226         
 1236    86  20.979   1.370         
 1237    86  18.882   0.976   0.919
 1238    86  19.905   1.112         
 1239    86  16.444   0.671   0.520
 1240    86  15.582   0.961   0.401
 1242    86  16.947   0.858   0.388
 1243    86  16.597   0.863   0.378
 1244    86  20.396   1.641         
 1245    86  17.340   0.886   0.288
 1246    86  18.949   0.913   0.416
 1247    86  19.213   1.376         
 1248    86  19.398   1.092   0.520
 1250    86  18.492   1.502   0.420
 1251    86  16.412   0.952   0.373
 1252    86  20.609   1.741         
 1253    86  21.111   1.551         
 1254    86  18.214   1.080   0.628
 1255    86  18.498   1.093   0.609
 1256    86  17.857   0.942   0.282
 1257    86  21.039   0.490         
 1258    86  20.523   1.285         
 1259    86  21.224   1.463         
 1260    86  18.127   1.046   0.293
 1261    86  20.389   1.117         
 1263    86  17.525   1.031   0.275
 1266    86  18.925   0.826   0.519
 1267    86  18.784   1.091   0.674
 1268    86  18.847   0.958   0.277
 1269    86  20.389   1.581         
 1270    86  17.544   0.982   0.393
 1271    86  20.647   1.302         
 1272    86  16.235   1.273   1.077
 1273    86  20.945   1.606         
 1274    86  16.921   0.807   0.513
 1275    86  20.590   1.540         
 1276    86  21.338   2.957         
 1278    86  18.044   0.997   0.412
 1279    86  18.346   1.766         
 1280    86  17.283   0.851   0.337
 1283    86  18.958   1.162   0.626
 1284    86  17.533   1.551   1.883
 1285    86  18.103   1.038   0.542
 1286    86  20.077   1.304         
 1287    86  20.730   1.344         
 1288    86  21.484   1.596         
 1289    86  20.415   1.233         
 1290    86  17.044   0.801   0.414
 1291    86  20.034   1.345         
 1292    86  14.901   0.434   0.294
 1293    86  19.447   1.061   0.306
 1294    86  20.244   0.992         
 1295    86  15.476  -0.127   0.563
 1297    86  19.533   1.162         
 1298    86  16.134   1.174   1.094
 1299    86  18.738   1.067   0.282
 1300    86  21.047   1.188         
 1301    86  19.850   1.356         
 1302    86  19.234   1.103         
 1303    86  17.649   1.078   0.591
 1304    86  18.684   1.132   0.721
 1305    86  20.692   0.887         
 1306    86  14.196   0.872  -0.466
 1307    86  17.385   0.906   0.366
 1308    86  18.210   1.436         
 1309    86  19.221   1.078   0.229
 1310    86  20.282   0.774         
 1312    86  20.187   1.357         
 1313    86  16.752   0.759   0.427
 1314    86  17.353   0.894   0.321
 1315    86  16.709   1.087   0.792
 1316    86  18.744   1.093   0.631
 1317    86  17.668   1.187   0.726
 1318    86  18.369   0.861   0.356
 1319    86  20.601   1.761         
 1321    86  19.795   1.063         
 1322    86  20.710   1.100         
 1323    86  13.857  -1.669         
 1324    86  18.173   0.960   0.277
 1325    86  17.627   0.766   0.313
 1326    86  18.254   1.107   0.624
 1328    86  19.306   1.809         
 1329    86  19.099   1.472         
 1330    86  20.309   1.958         
 1331    86  20.727   1.348         
 1332    86  17.065   0.849   0.331
 1333    86  20.567   1.297         
 1334    86  20.127   1.021         
 1335    86  19.640   1.293         
 1336    86  18.873   1.026   0.294
 1338    86  18.424   1.189   0.784
 1339    86  19.745   0.938         
 1340    86  21.406   1.420         
 1341    86  18.605   1.049   0.705
 1342    86  19.533   1.099         
 1344    86  17.397   0.861   0.491
 1345    86  16.887   1.340   1.193
 1346    86  20.653   1.185         
 1347    86  19.837   1.000         
 1348    86  19.567   1.514         
 1349    86  19.921   1.117         
 1350    86  16.733   1.030   0.469
 1351    86  20.581   1.546         
 1352    86  19.908   0.775         
 1353    86  20.320   1.918         
 1354    86  19.878   0.956         
 1355    86  18.539   1.022   0.328
 1356    86  18.740   1.046   0.405
 1357    86  19.774   1.207         
 1359    86  18.715   1.047   0.639
 1360    86  19.226   1.257         
 1361    86  21.572   1.390  -1.550
 1362    86  16.218   0.665   0.578
 1363    86  20.739   1.711         
 1365    86  20.386   1.044         
 1366    86  15.982   1.046   0.637
 1367    86  21.034   0.809         
 1369    86  18.053   0.906   0.444
 1371    86  17.204   0.945   0.476
 1372    86  18.683   1.703         
 1373    86  16.489   0.693   0.528
 1374    86  17.570   1.048   0.573
 1375    86  16.417   0.836   0.378
 1376    86  20.144   1.097         
 1378    86  22.049   0.153         
 1379    86  17.491   0.969   0.322
 1380    86  17.775   1.253   0.750
 1381    86  16.506   0.703   0.525
 1382    86  16.622   0.768   0.503
 1383    86  16.656   0.743   0.441
 1384    86  18.401   1.019   0.500
 1385    86  15.894   1.583   1.097
 1386    86  15.804   1.559   1.557
 1387    86  19.843   1.530         
 1388    86  18.709   0.876   0.407
 1390    86  19.791   1.484         
 1392    86  13.956   1.362   1.114
 1393    86  18.852   1.104         
 1394    86  18.185   0.923   0.119
 1395    86  17.783   1.059   0.473
 1396    86  19.648   0.964         
 1397    86  17.093   0.909   0.432
 1398    86  17.745   0.963   0.583
 1399    86  20.949   1.049         
 1400    86  18.056   0.991   0.386
 1401    86  19.010   0.831         
 1403    86  20.761   0.836         
 1404    86  19.732   1.333         
 1405    86  20.403   1.378         
 1406    86  17.689   1.132   0.630
 1407    86  14.294   0.468   0.328
 1408    86  20.142   1.147         
 1409    86  17.229   0.731   0.518
 1410    86  18.299   1.051   0.540
 1412    86  16.109   0.884   0.412
 1413    86  21.629   0.532         
 1414    86  17.288   0.931   0.326
 1415    86  17.816   1.083   0.727
 1416    86  19.266   1.023         
 1417    86  18.039   1.553   1.447
 1418    86  20.256   0.981         
 1420    86  18.343   0.882         
 1421    86  17.400   0.854   0.449
 1422    86  16.475   1.343   0.869
 1423    86  20.189   1.317         
 1424    86  20.360   1.390         
 1425    86  17.897   0.931   0.307
 1426    86  18.308   1.042   0.423
 1427    86  16.130   0.749   0.506
 1428    86  16.859   0.776   0.412
 1429    86  19.321   0.857   0.382
 1430    86  18.863   1.251         
 1431    86  19.680   0.908         
 1434    86  20.179   1.020         
 1435    86  18.567   1.657         
 1436    86  19.780   1.053   0.351
 1437    86  20.771   1.294         
 1439    86  21.406   0.834         
 1440    86  20.102   1.439         
 1441    86  19.857   1.648         
 1442    86  18.723   0.931         
 1443    86  18.117   0.986   0.694
 1444    86  18.997   1.244         
 1445    86  20.961   1.216         
 1446    86  19.981   1.386         
 1447    86  18.873   1.260   0.374
 1448    86  19.237   1.023         
 1449    86  19.602   1.578         
 1450    86  20.656   1.463         
 1452    86  18.086   0.812   0.673
 1453    86  17.327   0.885   0.457
 1454    86  19.253   1.014   0.628
 1455    86  20.058   1.263         
 1456    86  18.138   1.067   0.515
 1458    86  15.634   0.912   0.383
 1459    86  20.131   0.916         
 1460    86  16.063   0.576   0.617
 1461    86  19.606   1.245         
 1462    86  18.352   1.122   0.714
 1464    86  18.090   1.166   0.657
 1465    86  20.206   1.351         
 1466    86  12.440   0.821  -0.898
 1467    86  12.389   0.365  -0.337
 1468    86  18.667   0.972   0.356
 1469    86  19.367   1.019   0.295
 1471    86  17.180   0.853   0.405
 1472    86  19.670   1.093         
 1473    86  21.091   1.623         
 1474    86  19.036   1.137   1.133
 1476    86  20.349   1.635         
 1477    86  15.594   0.653   0.534
 1478    86  15.836   0.675   0.566
 1480    86  19.213   0.831   0.240
 1481    86  17.905   1.022   0.113
 1483    86  15.495   0.507   0.404
 1484    86  20.818   2.166         
 1485    86  18.414   0.773   0.571
 1486    86  18.275   0.954   0.939
 1488    86  19.057   1.092         
 1489    86  15.893   1.370   0.961
 1490    86  19.107   1.054   0.546
 1491    86  17.044   1.066   0.482
 1492    86  17.804   1.043   0.503
 1493    86  20.110   1.071         
 1494    86  19.155   0.955   0.265
 1495    86  18.142   1.191   0.715
 1496    86  19.692   1.807  -0.800
 1497    86  16.719   0.729   0.560
 1498    86  14.102   0.663   0.446
 1499    86  16.531   0.727   0.572
 1500    86  21.115   1.430         
 1501    86  20.297   1.508         
 1502    86  16.357   0.727   0.574
 1503    86  18.447   0.846   1.497
 1504    86  17.172   1.158   0.716
 1505    86  20.229   1.348         
 1506    86  19.650   1.215         
 1507    86  21.283   0.556         
 1508    86  20.610   1.571         
 1509    86  20.394   1.045         
 1510    86  20.105   0.226         
 1511    86  19.339   1.194         
 1513    86  17.955   1.253   0.973
 1514    86  20.155   1.322         
 1516    86  20.433   1.341         
 1517    86  20.756   1.787         
 1518    86  18.487   1.231   0.893
 1519    86  16.868   1.061   0.563
 1520    86  20.461   1.579         
 1521    86  19.980   1.304         
 1522    86  20.452   0.858         
 1523    86  18.819   1.158         
 1524    86  19.296   1.771         
 1525    86  19.860   1.367         
 1526    86  19.302   1.069   0.292
 1527    86  17.526   1.221   0.436
 1528    86  19.148   1.149   0.611
 1529    86  20.873   1.539         
 1530    86  18.028   0.993   0.729
 1531    86  18.873   0.974   0.754
 1532    86  18.453   0.986   0.783
 1533    86  20.581   1.115         
 1534    86  18.127   0.907   0.602
 1535    86  18.907   1.113   0.823
 1536    86  19.362   1.176         
 1537    86  20.942   1.347         
 1538    86  20.159   1.352         
 1539    86  19.413   1.916         
 1540    86  19.580   1.237         
 1541    86  20.768   1.013         
 1542    86  20.204   1.239         
 1543    86  20.521   1.611         
 1544    86  19.990   1.333         
 1546    86  19.833   1.388         
 1547    86  20.837   1.511         
 1548    86  18.574   1.154   0.403
 1549    86  19.847   1.009         
 1550    86  21.306   1.052         
 1551    86  17.421   0.854   0.322
 1552    86  18.715   0.911   0.819
 1553    86  18.474   0.888   0.186
 1554    86  18.803   1.056   0.472
 1555    86  21.415   0.971         
 1557    86  15.851   0.500   0.519
 1558    86  17.858   1.116   0.866
 1559    86  18.004   0.990   0.379
 1560    86  17.504   1.002   0.401
 1561    86  19.999   1.163         
 1562    86  21.140   2.093         
 1564    86  19.940   1.163         
 1566    86  18.965   1.115   0.666
 1567    86  20.519   1.168         
 1568    86  19.442   1.127   0.221
 1569    86  19.329   1.128   0.600
 1570    86  19.592   1.238         
 1571    86  16.362   0.698   0.581
 1572    86  19.699   1.292         
 1573    86  20.434   1.735         
 1574    86  16.501   0.830   0.421
 1575    86  20.675   1.082         
 1576    86  20.050   1.428         
 1577    86  20.101   1.340         
 1579    86  17.702   1.313   0.812
 1580    86  21.696   0.975         
 1581    86  17.294   0.987   0.574
 1582    86  18.275   1.036   0.664
 1583    86  18.619   1.110   0.527
 1584    86  18.990   1.052   0.204
 1586    86  20.690   0.954         
 1587    86  19.108   1.120   0.464
 1588    86  21.458   1.118         
 1589    86  20.499   1.894         
 1590    86  19.903   1.416         
 1591    86  17.478   1.021   0.604
 1592    86  20.482   1.298         
 1595    86  17.659   0.916   0.289
 1596    86  20.140   1.171         
 1597    86  18.141   1.004   0.300
 1598    86  19.622   1.064   0.159
 1599    86  19.149   1.172   0.443
 1601    86  19.200   1.154   0.106
 1602    86  20.049   1.529         
 1603    86  18.235   0.959   0.643
 1604    86  20.141   1.336         
 1606    86  19.140   1.068   0.774
 1607    86  20.343   1.357         
 1608    86  17.790   1.115   0.284
 1609    86  18.154   0.989   0.106
 1610    86  18.715   1.195         
 1611    86  18.022   0.918   0.437
 1613    86  17.780   1.012   0.487
 1614    86  18.928   1.680         
 1615    86  16.171   0.743   0.540
 1616    86  17.732   0.964   0.441
 1617    86  20.063   1.165         
 1618    86  18.914   1.116   0.410
 1619    86  18.304   1.119   0.502
 1620    86  19.484   0.855   0.387
 1621    86  19.162   1.141         
 1622    86  19.854   1.107         
 1624    86  19.862   1.080         
 1625    86  16.822   0.884   0.344
 1626    86  19.334   1.429         
 1627    86  20.442   1.288         
 1628    86  18.664   1.213   0.451
 1629    86  16.273   0.737   0.478
 1630    86  19.818   1.433         
 1631    86  20.103   1.428         
 1632    86  16.863   1.451   1.109
 1633    86  19.960   1.213         
 1634    86  19.581   1.499         
 1635    86  17.710   0.938   0.328
 1636    86  19.218   1.470   0.307
 1637    86  18.072   0.907   0.429
 1638    86  18.113   0.986   0.266
 1639    86  20.582   1.097         
 1640    86  16.483   0.703   0.555
 1641    86  20.043   1.159         
 1642    86  20.397   1.579         
 1643    86  16.103   0.883   0.289
 1645    86  17.446   0.863   0.413
 1646    86  20.844   1.089         
 1647    86  16.757   0.783   0.441
 1648    86  20.417   1.026         
 1649    86  20.529   1.447         
 1650    86  19.543   1.081         
 1651    86  19.957   1.053         
 1652    86  16.326   0.664   0.546
 1653    86  16.305   0.769   0.472
 1654    86  20.860   1.107         
 1655    86  21.342   1.212         
 1656    86  18.178   0.996   0.563
 1657    86  17.180   0.825   0.350
 1658    86  19.687   1.005         
 1659    86  21.023   1.335         
 1660    86  17.811   0.969   0.378
 1661    86  18.865   0.908   0.802
 1662    86  18.524   1.153   0.354
 1663    86  19.008   1.067   0.632
 1664    86  20.492   0.941         
 1665    86  18.615   1.067         
 1666    86  18.765   1.192         
 1667    86  20.368   1.565         
 1668    86  19.688   1.005         
 1669    86  16.673   0.833   0.348
 1670    86  19.261   0.923         
 1672    86  17.876   0.898   0.196
 1673    86  19.275   1.023   0.557
 1674    86  18.456   1.276   1.065
 1675    86  18.930   0.956   0.378
 1676    86  18.448   1.073   0.514
 1677    86  18.446   1.505         
 1678    86  21.601   0.485         
 1679    86  21.285   1.056         
 1680    86  17.284   1.088   0.772
 1681    86  16.781   1.356   1.100
 1682    86  18.321   0.955   0.310
 1683    86  20.100   1.111         
 1684    86  17.227   0.869   0.445
 1685    86  19.710   1.206   0.253
 1686    86  20.935   0.926         
 1688    86  20.503   1.377         
 1689    86  20.826   1.549         
 1690    86  19.307   0.927   0.475
 1691    86  19.212   1.207         
 1692    86  20.139   1.094         
 1693    86  20.166   1.071         
 1694    86  19.108   1.132   0.393
 1695    86  20.771   1.096         
 1696    86  19.059   1.119         
 1697    86  18.980   0.997   0.930
 1698    86  19.740   1.302         
 1699    86  17.294   0.899   0.382
 1700    86  13.923   1.400   1.220
 1701    86  18.432   1.036   0.532
 1702    86  16.104   1.053   0.547
 1703    86  15.715   0.521   0.488
 1704    86  18.161   1.032   0.401
 1705    86  19.786   1.548         
 1706    86  19.505   1.184         
 1707    86  19.144   1.151         
 1708    86  20.993   0.957         
 1709    86  19.522   1.237         
 1710    86  20.535   1.499         
 1711    86  20.789   1.304         
 1712    86  20.538   1.518         
 1713    86  17.805   1.050   0.602
 1714    86  18.113   0.942   0.226
 1715    86  20.484   1.443         
 1716    86  20.252   1.319         
 1717    86  20.317   1.063         
 1718    86  16.470   0.660   0.560
 1719    86  19.961   1.957         
 1720    86  19.904   1.107         
 1721    86  19.983   3.416         
 1722    86  15.747   1.210   1.270
 1723    86  20.488   1.233         
 1724    86  18.271   1.043   0.602
 1725    86  20.074   1.304         
 1728    86  20.736   0.927         
 1729    86  20.019   0.950         
 1730    86  17.703   1.697   0.071
 1731    86  15.668   1.185   1.080
 1732    86  20.889   1.945         
 1733    86  16.193   0.967   0.437
 1734    86  18.874   1.102   0.343
 1735    86  20.496   0.963         
 1737    86  18.142   1.001   0.379
 1739    86  21.329   0.999         
 1740    86  17.934   0.987   0.613
 1741    86  19.248   1.166         
 1742    86  21.118   1.561         
 1743    86  19.118   1.230         
 1744    86  19.370   1.216         
 1745    86  18.374   0.942   0.324
 1746    86  18.030   1.327   0.928
 1747    86  16.057   0.981   0.503
 1748    86  18.376   0.946   0.409
 1749    86  20.747   1.101         
 1750    86  18.570   0.952   0.449
 1751    86  21.427   1.411         
 1752    86  19.127   0.935   0.516
 1753    86  16.840   0.730   0.493
 1754    86  19.003   1.139   0.492
 1755    86  19.679   1.311         
 1756    86  20.827   1.543         
 1757    86  18.991   1.059   0.104
 1758    86  18.154   0.903   0.397
 1759    86  20.736   1.836         
 1760    86  19.268   1.252         
 1761    86  19.914   1.405         
 1762    86  19.657   0.980         
 1763    86  21.128   0.770         
 1764    86  18.630   0.982   0.368
 1765    86  19.372   0.826   0.242
 1766    86  18.207   1.192   0.753
 1767    86  19.759   1.241         
 1769    86  20.558   1.237         
 1770    86  20.160   0.791         
 1771    86  18.577   0.882         
 1772    86  19.725   0.998         
 1773    86  17.173   0.936   0.274
 1774    86  20.407   1.019         
 1775    86  18.095   0.913   0.386
 1776    86  19.907   1.292         
 1777    86  19.567   1.208         
 1778    86  19.602   1.118         
 1780    86  20.684   1.366         
 1781    86  18.335   0.840   0.362
 1782    86  19.470   1.479         
 1783    86  18.959   1.144         
 1784    86  18.258   0.876   0.600
 1785    86  19.226   1.087         
 1786    86  17.161   0.837   0.470
 1787    86  20.793   1.449         
 1788    86  18.264   0.872   0.461
 1789    86  19.826   1.090         
 1790    86  20.988   1.436         
 1791    86  20.631   1.300         
 1792    86  18.376   0.938   0.366
 1793    86  16.928   1.058   0.385
 1795    86  16.959   0.787   0.557
 1796    86  21.327   0.762         
 1797    86  21.363   1.189         
 1798    86  17.618   1.029   0.363
 1800    86  18.718   0.985   0.196
 1801    86  20.741   1.611         
 1802    86  20.592   1.239         
 1805    86  20.560   1.348         
 1807    86  19.698   1.696         
 1808    86  20.569   1.926         
 1809    86  19.307   1.141   0.360
 1810    86  20.436   1.239         
 1811    86  21.498   0.641         
 1812    86  20.488   1.380         
 1813    86  20.695   1.112         
 1814    86  18.836   0.998         
 1815    86  17.310   0.930   0.360
 1816    86  17.560   0.945         
 1817    86  20.404   2.251         
 1818    86  18.065   0.998   0.406
 1819    86  19.601   1.265         
 1820    86  19.799   1.007         
 1821    86  19.785   1.127         
 1822    86  18.490   1.156   0.607
 1824    86  20.678   1.178         
 1825    86  19.589   1.118         
 1826    86  21.422   1.660         
 1828    86  18.132   1.052   0.330
 1830    86  20.210   1.170         
 1831    86  18.535   0.701   0.650
 1832    86  19.048   1.438         
 1833    86  21.064   1.107         
 1834    86  19.958   1.419         
 1835    86  18.629   1.095   0.352
 1836    86  20.136   1.136         
 1837    86  17.425   1.236   1.142
 1838    86  18.391   1.123   0.633
 1839    86  17.618   0.753   0.716
 1840    86  20.349   0.861         
 1841    86  20.277   1.593         
 1842    86  20.684   1.419         
 1843    86  19.680   1.052   0.156
 1844    86  20.061   0.906         
 1845    86  19.696   1.792         
 1846    86  20.454   1.572         
 1847    86  20.077   1.014         
 1848    86  21.272   1.210         
 1849    86  18.409   1.088   0.533
 1850    86  19.577   1.452         
 1851    86  20.459   1.398         
 1852    86  19.466   1.001   0.094
 1853    86  20.151   1.728         
 1854    86  19.695   1.270         
 1855    86  21.519   1.151         
 1856    86  18.523   1.229   0.840
 1858    86  20.372   1.232         
 1859    86  18.881   1.122         
 1860    86  18.881   0.856   0.281
 1861    86  18.969   1.020   0.501
 1862    86  20.633   1.696         
 1863    86  17.987   0.969   0.438
 1864    86  20.877   1.319         
 1865    86  18.780   1.197   0.396
 1866    86  20.506   1.058         
 1867    86  16.822   0.933   0.475
 1868    86  19.299   0.843         
 1869    86  19.247   1.147   0.424
 1870    86  19.531   0.978   0.089
 1871    86  21.172   1.625         
 1872    86  20.915   1.260         
 1873    86  20.492   1.797         
 1874    86  20.561   0.962         
 1875    86  19.403   1.303         
 1876    86  19.834   1.128         
 1878    86  20.794   1.426         
 1879    86  19.701   1.074         
 1880    86  19.630   1.477         
 1881    86  19.722   1.291         
 1882    86  20.807   1.539         
 1883    86  20.090   1.014         
 1884    86  19.789   1.188         
 1885    86  19.579   1.245         
 1886    86  20.703   1.761         
 1887    86  18.801   1.032   0.376
 1888    86  20.305   1.317         
 1889    86  19.729   1.493         
 1890    86  19.071   1.420         
 1891    86  18.893   1.033   0.499


